size 13 run 100... [1.0, 1.0, 1.0, 1.0, 1.0, 1.0, 1.0, 1.0, 1.0, 1.0, 1.0, 1.0, 1.0]
exhaustive_new: [0.28464317321777344, 0.5097246170043945, 0.8044743537902832, 0.9157419204711914, 1.295020580291748, 2.0093202590942383, 2.734992504119873, 4.480047225952148, 7.522399425506592, 13.586907386779785, 26.746766567230225, 55.3150749206543, 110.14974117279053]
exhaustive_old: [0.14493942260742188, 0.49468278884887695, 0.44501543045043945, 1.0243678092956543, 1.7993402481079102, 3.8155412673950195, 6.392824649810791, 12.39701509475708, 27.10397720336914, 55.73504686355591, 124.78188753128052, 328.8488817214966, 961.1706686019897]